0.0106644
0.0104242
0.0101776
0.00996222
0.00974832
0.00961088
0.00932726
0.00909031
0.00893861
0.00913721
0.0099189
0.00841305
0.00768889
0.00691152
0.00992672
0.00993986
0.00926834
0.00916673
0.00913227
0.00915347
0.00913099
0.00916725
0.00837697
0.00614779
0.00764093
0.00739598
0.00555519
0.00694998
0.00614603
0.00554181
0.0055087
0.00143578
0.0066597
0.00507962
0.00515663
0.00605862
0.00158734
0.00182767
0.00540437
0.00387925
0.00148282
0.00156886
0.0066722
0.00536936
0.00524527
0.00185657
0.00349369
0.00296998
0.00477993
0.00591024
0.00206558
0.00581531
0.00417104
0.00552649
0.0010429
0.00498809
0.00565621
0.00166306
0.00343412
0.00177021
0.00189624
0.00275202
0.00198568
0.00197383
0.00296674
0.00116747
0.00523797
0.00551661
0.00496686
0.00296829
0.00124518
0.00354479
0.00496165
0.00203762
0.00191041
0.0052618
0.00427103
0.00486977
0.00490388
0.00503219
0.00127324
0.00430353
0.001963
0.00291467
0.00387512
0.00174147
0.00260154
0.00144959
0.00373998
0.00487744
0.00293787
0.00130642
0.00256709
0.00215543
0.00114053
0.00506989
0.00196812
0.00327787
0.00164942
0.00296378
0.00131609
0.0022991
0.00266342
0.0016665
0.00158804
0.00139532
0.00278581
0.00226617
0.00513673
0.00335921
0.00171439
0.00132679
0.00120661
0.00438327
0.00145464
0.00212489
0.0017005
0.00374691
0.00374092
0.00121264
0.00117379
0.00114855
0.00152782
0.00154787
0.0018355
0.00120622
0.00111794
0.00638323
0.00174942
0.00115304
0.00154411
0.00396511
0.00130487
0.00461984
0.00444848
0.00115374
0.0028105
0.00380292
0.00153919
0.00505113
0.00229114
0.00392786
0.00139571
0.00225326
0.00236583
0.00229903
0.00224673
0.00118525
0.00242637
0.00119114
0.00206456
0.00182397
0.00210391
0.00246524
0.001294
0.00112795
0.00725925
0.00757963
0.00710825
0.00387193
0.00361735
0.00322031
0.00363956
0.00406633
0.00125877
0.00357265
0.00359364
0.00357777
0.00352891
0.00303777
0.00130029
0.00117184
0.00126831
0.00370415
0.00117504
0.00350966
0.00353417
0.00459707
0.00365064
0.00340815
0.00272216
0.00117607
0.00120152
0.00390178
0.00475031
0.0016741
0.00366122
0.00372701
0.00399824
0.00364117
0.0034745
0.00355098
0.0054341
0.00521425
0.00224625
0.00353449
0.00419794
0.00298304
0.00451429
0.00350912
0.00354987
0.00367161
0.00232222
0.00355781
0.00399931
0.00149281
0.00257981
0.00358202
0.00127609
0.00284682
0.001459
0.00104444
0.00229751
0.00461618
0.00451745
0.00270106
0.00365572
0.00355843
0.00654411
0.00434956
0.00245692
0.0035871
0.00134434
0.00228456
0.00332169
0.00407112
0.00381332
0.00228942
0.00354127
0.00367715
0.0016347
0.00226888
0.00342751
0.00194664
0.00360638
0.00221197
0.00195166
0.00196476
0.002208
0.00327398
0.00327142
0.00177711
0.00360024
0.00397565
0.00384914
0.00216924
0.00562996
0.000134195
7.4102e-05
7.3141e-05
8.2274e-05
8.8659e-05
8.4569e-05
7.3797e-05
7.6698e-05
7.1063e-05
7.9333e-05
9.5767e-05
8.0043e-05
8.1039e-05
8.6466e-05
8.3255e-05
7.483e-05
8.2885e-05
8.0722e-05
7.4849e-05
6.2542e-05
7.2858e-05
7.5303e-05
7.2806e-05
7.2807e-05
7.3387e-05
7.5912e-05
6.8438e-05
7.5778e-05
7.4176e-05
7.2966e-05
7.8023e-05
6.5395e-05
7.8151e-05
7.5881e-05
7.2461e-05
7.4316e-05
7.4402e-05
7.3631e-05
6.93e-05
7.4472e-05
7.478e-05
7.432e-05
7.0476e-05
7.3014e-05
7.1477e-05
7.16e-05
7.3895e-05
7.1773e-05
7.3955e-05
7.8911e-05
7.8235e-05
6.2665e-05
8.0249e-05
7.4992e-05
7.2908e-05
7.1603e-05
7.3344e-05
7.2167e-05
7.1871e-05
7.3322e-05
7.309e-05
7.2473e-05
7.2587e-05
7.1263e-05
6.2994e-05
7.2089e-05
7.5203e-05
5.4589e-05
8.0161e-05
7.4096e-05
6.9869e-05
6.188e-05
5.1244e-05
7.4177e-05
7.3643e-05
7.2415e-05
7.0633e-05
6.3557e-05
7.3016e-05
7.2374e-05
7.2173e-05
7.2254e-05
6.0012e-05
7.1165e-05
7.1574e-05
7.3281e-05
7.0948e-05
7.1036e-05
7.0274e-05
7.2584e-05
7.7233e-05
7.1915e-05
7.031e-05
6.6727e-05
7.144e-05
7.1242e-05
6.3231e-05
7.0537e-05
7.1483e-05
7.2933e-05
7.2508e-05
7.1691e-05
7.2247e-05
7.1283e-05
6.833e-05
7.1694e-05
7.2794e-05
7.1927e-05
7.2619e-05
7.1263e-05
7.1607e-05
6.9843e-05
7.2373e-05
7.3015e-05
9.1817e-05
8.4332e-05
7.3654e-05
7.1176e-05
7.1228e-05
7.1125e-05
7.0716e-05
7.1666e-05
7.2902e-05
7.085e-05
7.7674e-05
7.2621e-05
7.0528e-05
7.1853e-05
6.959e-05
7.2384e-05
7.0002e-05
7.3838e-05
7.1361e-05
7.2081e-05
7.2816e-05
6.7233e-05
6.7772e-05
7.8199e-05
7.1044e-05
6.9977e-05
7.1351e-05
7.2936e-05
7.2399e-05
7.1701e-05
7.1341e-05
7.1037e-05
7.031e-05
7.1343e-05
7.0226e-05
7.2709e-05
7.1725e-05
7.1591e-05
7.1103e-05
7.18e-05
7.1631e-05
7.1196e-05
7.1474e-05
6.9428e-05
7.2825e-05
7.0678e-05
7.3004e-05
7.1203e-05
7.0389e-05
7.1745e-05
7.1237e-05
5.8751e-05
7.115e-05
7.0546e-05
7.1158e-05
7.216e-05
7.2279e-05
6.9034e-05
6.9744e-05
7.0037e-05
7.3168e-05
7.2018e-05
7.0174e-05
7.3398e-05
7.0308e-05
6.8576e-05
7.6892e-05
7.0461e-05
7.338e-05
7.218e-05
7.2281e-05
7.1325e-05
7.1681e-05
6.7988e-05
7.0319e-05
7.2103e-05
5.4718e-05
6.6089e-05
7.0243e-05
6.733e-05
7.3058e-05
7.1489e-05
7.265e-05
7.1147e-05
7.1692e-05
7.2352e-05
6.9664e-05
7.1573e-05
7.0352e-05
7.1062e-05
7.2237e-05
3.7991e-05
7.0819e-05
7.229e-05
6.7478e-05
7.0958e-05
7.1782e-05
6.7549e-05
5.2676e-05
6.3064e-05
7.0719e-05
6.9754e-05
7.2039e-05
7.091e-05
7.1489e-05
7.0883e-05
7.1944e-05
7.1342e-05
6.9494e-05
6.1221e-05
7.0825e-05
7.136e-05
7.2055e-05
7.0508e-05
7.1738e-05
6.7776e-05
7.1688e-05
7.2359e-05
7.2365e-05
7.113e-05
7.1643e-05
6.9174e-05
7.1474e-05
6.6359e-05
7.1044e-05
6.8724e-05
7.0268e-05
6.869e-05
9.5465e-05
8.3775e-05
7.2497e-05
7.0107e-05
7.0861e-05
7.2438e-05
7.177e-05
6.9155e-05
7.2293e-05
7.1596e-05
5.9974e-05
7.1164e-05
7.1053e-05
7.2186e-05
7.2255e-05
7.1272e-05
5.9076e-05
7.1688e-05
5.1398e-05
7.0685e-05
7.3079e-05
6.9021e-05
7.2814e-05
7.8331e-05
7.0404e-05
6.7515e-05
7.227e-05
7.2623e-05
7.0231e-05
7.0401e-05
7.1725e-05
7.0454e-05
7.0909e-05
7.336e-05
7.1512e-05
7.001e-05
7.1815e-05
7.1317e-05
7.0036e-05
7.2469e-05
7.2854e-05
7.1597e-05
7.1201e-05
7.2241e-05
6.7969e-05
7.1976e-05
7.0526e-05
7.0194e-05
7.2997e-05
7.1096e-05
7.1464e-05
6.6733e-05
7.7738e-05
7.2331e-05
7.1048e-05
7.3315e-05
7.1239e-05
4.9646e-05
7.0729e-05
7.1147e-05
6.9614e-05
8.7367e-05
7.7036e-05
7.5945e-05
6.9954e-05
7.0649e-05
6.9895e-05
6.9868e-05
7.3111e-05
7.0733e-05
6.2657e-05
7.1859e-05
6.7221e-05
7.1164e-05
6.9687e-05
7.2732e-05
7.0734e-05
7.1485e-05
7.1811e-05
7.231e-05
7.1002e-05
7.1205e-05
7.2998e-05
7.132e-05
7.0906e-05
7.3173e-05
7.1531e-05
7.1982e-05
6.8918e-05
7.0497e-05
7.0325e-05
7.2992e-05
7.0815e-05
7.0668e-05
7.2055e-05
7.1838e-05
7.2061e-05
7.0581e-05
7.0772e-05
7.1252e-05
6.8999e-05
8.2852e-05
8.4583e-05
7.6049e-05
6.8884e-05
7.0969e-05
6.9089e-05
7.1801e-05
0.000110331
5.938e-05
7.1042e-05
7.2367e-05
7.1488e-05
7.1702e-05
7.1615e-05
7.1367e-05
6.2255e-05
7.2101e-05
7.0653e-05
7.2169e-05
6.96e-05
7.0771e-05
7.1907e-05
7.175e-05
7.1719e-05
7.0638e-05
6.9785e-05
6.9568e-05
7.0944e-05
6.6702e-05
6.9725e-05
7.2878e-05
6.5902e-05
7.3282e-05
7.0334e-05
6.7774e-05
8.1383e-05
7.1097e-05
7.1388e-05
6.9507e-05
7.171e-05
7.081e-05
7.2017e-05
7.0828e-05
6.6658e-05
7.2377e-05
7.0475e-05
7.1284e-05
7.2245e-05
7.1263e-05
7.2682e-05
7.0365e-05
7.0349e-05
6.9286e-05
7.1882e-05
7.1525e-05
5.8361e-05
7.1281e-05
5.4628e-05
7.2568e-05
6.5068e-05
7.0549e-05
6.8399e-05
7.1589e-05
8.0583e-05
7.2626e-05
7.1826e-05
7.0957e-05
7.1964e-05
7.2146e-05
6.9775e-05
7.0089e-05
7.0249e-05
7.2364e-05
7.2161e-05
6.5751e-05
6.9938e-05
5.7915e-05
7.2829e-05
7.0474e-05
7.1856e-05
6.7718e-05
7.2675e-05
6.8689e-05
7.0917e-05
7.1822e-05
7.1767e-05
7.1383e-05
7.2088e-05
7.1918e-05
7.1722e-05
6.9632e-05
7.0183e-05
7.2686e-05
7.1523e-05
6.9858e-05
6.7769e-05
7.2119e-05
7.1258e-05
7.1272e-05
7.0299e-05
7.2568e-05
7.2092e-05
7.1668e-05
7.2153e-05
6.9103e-05
7.1105e-05
6.97e-05
7.1018e-05
6.926e-05
7.1776e-05
7.244e-05
6.4456e-05
7.1278e-05
7.2547e-05
6.6824e-05
7.1926e-05
5.4116e-05
6.9836e-05
5.264e-05
7.134e-05
0.000118772
7.0861e-05
7.1867e-05
5.0922e-05
3.9328e-05
7.1082e-05
6.9891e-05
7.1253e-05
7.1723e-05
6.3902e-05
7.0942e-05
7.173e-05
7.2058e-05
4.9537e-05
7.1009e-05
7.0516e-05
7.2866e-05
7.0746e-05
6.9129e-05
7.1771e-05
6.8138e-05
7.1553e-05
6.6812e-05
7.0919e-05
7.2886e-05
7.0431e-05
6.908e-05
7.2687e-05
7.3226e-05
7.5713e-05
7.0701e-05
7.1944e-05
7.2072e-05
7.1981e-05
7.228e-05
7.1296e-05
6.6626e-05
7.7668e-05
7.1198e-05
7.6291e-05
7.1533e-05
7.329e-05
7.1753e-05
6.9906e-05
6.9903e-05
7.0246e-05
6.0913e-05
7.0579e-05
5.2321e-05
6.9805e-05
6.9631e-05
4.4103e-05
7.2012e-05
7.0268e-05
7.2101e-05
7.2839e-05
4.6048e-05
7.2076e-05
7.7975e-05
7.2226e-05
7.101e-05
7.2001e-05
6.8085e-05
7.8115e-05
0.000121103
7.4652e-05
7.0395e-05
7.1852e-05
7.2686e-05
7.1586e-05
7.0173e-05
6.9327e-05
7.3232e-05
7.1303e-05
7.21e-05
7.068e-05
6.9042e-05
7.1005e-05
7.2135e-05
6.4905e-05
6.9325e-05
7.3472e-05
7.0998e-05
7.0065e-05
7.3642e-05
7.2424e-05
6.6659e-05
7.1087e-05
7.2054e-05
7.0714e-05
7.1112e-05
7.281e-05
7.1168e-05
6.9837e-05
7.1088e-05
5.919e-05
7.0875e-05
7.0926e-05
7.1934e-05
7.1996e-05
7.0129e-05
7.162e-05
7.2191e-05
7.0718e-05
7.0793e-05
7.1223e-05
7.3526e-05
7.2581e-05
7.0481e-05
7.2872e-05
9.9904e-05
7.2674e-05
7.2975e-05
7.6218e-05
7.255e-05
7.2628e-05
7.2008e-05
7.1839e-05
6.9102e-05
7.2912e-05
7.2189e-05
7.0342e-05
6.3244e-05
6.9948e-05
6.922e-05
7.1322e-05
6.8484e-05
7.3129e-05
6.9681e-05
7.2966e-05
5.6763e-05
7.1434e-05
7.1935e-05
7.0564e-05
7.101e-05
7.1794e-05
7.1691e-05
7.0669e-05
7.0557e-05
7.1794e-05
7.2517e-05
7.1905e-05
7.0962e-05
7.1076e-05
7.1258e-05
7.0814e-05
6.9232e-05
7.0918e-05
7.214e-05
7.1388e-05
7.1602e-05
7.0629e-05
7.1116e-05
6.993e-05
7.0114e-05
6.8937e-05
7.1157e-05
7.2407e-05
7.0421e-05
7.142e-05
7.1632e-05
7.009e-05
6.9558e-05
6.8987e-05
7.0632e-05
7.2192e-05
7.1185e-05
7.2061e-05
6.7629e-05
7.6911e-05
7.0869e-05
7.2807e-05
7.1038e-05
7.1298e-05
7.144e-05
7.1428e-05
6.8863e-05
7.2158e-05
7.1136e-05
7.287e-05
4.5027e-05
6.9227e-05
7.0873e-05
7.2707e-05
7.1832e-05
6.6205e-05
7.0849e-05
6.1518e-05
7.1329e-05
7.1259e-05
7.1902e-05
6.5253e-05
7.2139e-05
7.0985e-05
7.2748e-05
6.5637e-05
7.1209e-05
7.2435e-05
7.2214e-05
6.3961e-05
7.0871e-05
7.2287e-05
7.16e-05
7.1186e-05
7.2041e-05
7.1503e-05
7.065e-05
7.1163e-05
7.0743e-05
6.9613e-05
7.0803e-05
7.1497e-05
7.0175e-05
7.2908e-05
6.994e-05
7.1775e-05
7.1762e-05
7.1676e-05
7.1534e-05
7.1555e-05
6.993e-05
7.0295e-05
7.0532e-05
7.2234e-05
7.1204e-05
7.2642e-05
7.5793e-05
7.1161e-05
7.1646e-05
7.1244e-05
5.9121e-05
7.2218e-05
7.1061e-05
5.8323e-05
7.0148e-05
7.028e-05
7.1454e-05
7.2267e-05
6.9454e-05
7.318e-05
6.9415e-05
7.164e-05
7.0216e-05
7.1824e-05
7.058e-05
7.283e-05
7.2343e-05
7.2811e-05
7.1873e-05
7.2595e-05
7.2128e-05
6.9662e-05
7.366e-05
7.2457e-05
6.0454e-05
5.7234e-05
7.176e-05
5.4077e-05
6.8946e-05
7.2233e-05
6.9077e-05
6.913e-05
7.1285e-05
6.9846e-05
6.9122e-05
7.0844e-05
7.072e-05
7.1091e-05
7.2664e-05
7.0167e-05
7.1352e-05
7.1687e-05
7.1414e-05
7.9398e-05
7.7951e-05
7.1678e-05
7.1654e-05
7.1604e-05
6.9693e-05
7.2579e-05
6.7117e-05
7.0768e-05
7.2047e-05
7.7037e-05
7.3191e-05
6.7212e-05
7.1392e-05
7.1803e-05
7.0371e-05
7.2146e-05
